7.154587656259536743e-03
2.026794711127877235e-03
1.802457147277891636e-03
1.657434157095849514e-03
1.557106268592178822e-03
1.494038850069046021e-03
1.354824518784880638e-03
1.333606429398059845e-03
1.227944390848278999e-03
1.185750705190002918e-03
1.152471755631268024e-03
1.132791629061102867e-03
1.113898004405200481e-03
1.134141231887042522e-03
1.057170913554728031e-03
1.032892614603042603e-03
1.012172200717031956e-03
1.010055653750896454e-03
9.911722736433148384e-04
9.845946915447711945e-04
9.788580937311053276e-04
9.794856887310743332e-04
9.614054579287767410e-04
9.549190872348845005e-04
9.444016613997519016e-04
9.357066010124981403e-04
9.321493562310934067e-04
9.815943194553256035e-04
9.223526576533913612e-04
9.137759916484355927e-04
9.088329970836639404e-04
9.025223553180694580e-04
8.999351994134485722e-04
8.943301509134471416e-04
8.875468629412353039e-04
8.826043922454118729e-04
8.760223281569778919e-04
8.735303417779505253e-04
8.709623944014310837e-04
8.811680017970502377e-04
8.658489678055047989e-04
8.600967121310532093e-04
8.598367567174136639e-04
8.526232559233903885e-04
8.476442890241742134e-04
8.471374167129397392e-04
8.420970989391207695e-04
8.388819405809044838e-04
8.370060240849852562e-04
8.346529211848974228e-04
8.319458574987947941e-04
8.302489877678453922e-04
8.240623865276575089e-04
8.248368394561111927e-04
8.218941511586308479e-04
8.267785306088626385e-04
8.180341683328151703e-04
8.172998786903917789e-04
8.125893073156476021e-04
8.110543712973594666e-04
8.086652378551661968e-04
8.079574326984584332e-04
8.050812757574021816e-04
8.049075258895754814e-04
8.028815500438213348e-04
8.032452315092086792e-04
7.986505515873432159e-04
7.975958869792521000e-04
7.958037895150482655e-04
7.935732719488441944e-04
7.938825292512774467e-04
7.917906623333692551e-04
7.903394289314746857e-04
7.886871462687849998e-04
7.898616604506969452e-04
7.869743276387453079e-04
7.858300232328474522e-04
7.839460740797221661e-04
7.828961242921650410e-04
7.816036231815814972e-04
7.805666537024080753e-04
7.793850963935256004e-04
7.780998712405562401e-04
7.778147701174020767e-04
7.754914695397019386e-04
7.738223066553473473e-04
7.717949920333921909e-04
7.724171155132353306e-04
7.706634351052343845e-04
7.677734829485416412e-04
7.666427409276366234e-04
7.675694650970399380e-04
7.660760893486440182e-04
7.648405735380947590e-04
7.638917304575443268e-04
7.621437544003129005e-04
7.607209845446050167e-04
7.627489976584911346e-04
7.585718412883579731e-04
7.580964011140167713e-04
7.565120467916131020e-04
7.566434214822947979e-04
7.565378327853977680e-04
7.540323422290384769e-04
7.564268307760357857e-04
7.526875706389546394e-04
7.520542130805552006e-04
7.512997253797948360e-04
7.508581620641052723e-04
7.486673421226441860e-04
7.485829410143196583e-04
7.483114604838192463e-04
7.474252488464117050e-04
7.460658089257776737e-04
7.466221577487885952e-04
7.454670267179608345e-04
7.457024184986948967e-04
7.441141060553491116e-04
7.436260930262506008e-04
7.418232853524386883e-04
7.413206039927899837e-04
7.424515788443386555e-04
7.399137248285114765e-04
7.410598918795585632e-04
7.405733922496438026e-04
7.400222239084541798e-04
7.402362534776329994e-04
7.378583541139960289e-04
7.372499676421284676e-04
7.370926905423402786e-04
7.364939083345234394e-04
7.353895343840122223e-04
7.360336603596806526e-04
7.345830090343952179e-04
7.329864311031997204e-04
7.340469746850430965e-04
7.330395746976137161e-04
7.319757714867591858e-04
7.319080177694559097e-04
7.322032470256090164e-04
7.306941552087664604e-04
7.304697646759450436e-04
7.287628832273185253e-04
7.291460060514509678e-04
7.289451314136385918e-04
7.284764433279633522e-04
7.273718947544693947e-04
7.269991328939795494e-04
7.266388856805860996e-04
7.267941255122423172e-04
7.259770063683390617e-04
7.250380003824830055e-04
7.253193762153387070e-04
7.247481262311339378e-04
7.253175717778503895e-04
7.233473006635904312e-04
7.272385992109775543e-04
7.226807065308094025e-04
7.231204072013497353e-04
7.220646948553621769e-04
7.219639373943209648e-04
7.207653252407908440e-04
7.208533352240920067e-04
7.203059503808617592e-04
7.197431987151503563e-04
7.202793494798243046e-04
7.188396994024515152e-04
7.180160027928650379e-04
7.180186221376061440e-04
7.177873048931360245e-04
7.174847996793687344e-04
7.161890389397740364e-04
7.164865965023636818e-04
7.162377587519586086e-04
7.170201861299574375e-04
7.150301826186478138e-04
7.144259288907051086e-04
7.139341323636472225e-04
7.134961197152733803e-04
7.133019971661269665e-04
7.133511244319379330e-04
7.139058434404432774e-04
7.119042566046118736e-04
7.105861441232264042e-04
7.109449361450970173e-04
7.127188146114349365e-04
7.106590201146900654e-04
7.095113978721201420e-04
7.100721122696995735e-04
7.090575527399778366e-04
7.091615116223692894e-04
7.083148811943829060e-04
7.087551057338714600e-04
7.080385694280266762e-04
7.084001554176211357e-04
7.078053313307464123e-04
7.076101028360426426e-04
7.062577642500400543e-04
7.071403088048100471e-04
7.059046765789389610e-04
