3.647050121799111366e-03
1.048238598741590977e-03
9.853718802332878113e-04
8.697484154254198074e-04
8.190409862436354160e-04
7.685841410420835018e-04
7.299405988305807114e-04
6.988999084569513798e-04
6.748706218786537647e-04
6.651091389358043671e-04
6.433287053368985653e-04
6.325286813080310822e-04
6.231347215361893177e-04
6.156040471978485584e-04
6.082546315155923367e-04
7.088775164447724819e-04
6.140196346677839756e-04
6.001061410643160343e-04
5.947624449618160725e-04
5.902699194848537445e-04
5.852185422554612160e-04
5.809245631098747253e-04
5.778130143880844116e-04
5.752666620537638664e-04
5.731182172894477844e-04
5.712443380616605282e-04
5.695850704796612263e-04
5.680588656105101109e-04
5.666281795129179955e-04
5.653415573760867119e-04
5.642211763188242912e-04
5.677182925865054131e-04
5.623204051516950130e-04
5.613715038634836674e-04
5.602382589131593704e-04
5.591460503637790680e-04
5.582090816460549831e-04
5.572587833739817142e-04
5.564771709032356739e-04
5.555857787840068340e-04
5.550166824832558632e-04
5.543092265725135803e-04
5.536378594115376472e-04
5.529658519662916660e-04
5.523749860003590584e-04
5.518106045201420784e-04
5.513090873137116432e-04
5.506585584953427315e-04
5.501467967405915260e-04
5.497306701727211475e-04
5.492701893672347069e-04
5.488689057528972626e-04
5.484185530804097652e-04
5.479706451296806335e-04
5.476190126501023769e-04
5.472578923217952251e-04
5.468233721330761909e-04
5.464838468469679356e-04
5.461088148877024651e-04
5.457439110614359379e-04
5.453560734167695045e-04
5.450672470033168793e-04
5.447303410619497299e-04
5.443776026368141174e-04
5.440397653728723526e-04
5.436768988147377968e-04
5.433534970507025719e-04
5.430338205769658089e-04
5.427139112725853920e-04
5.424142000265419483e-04
5.421095993369817734e-04
5.418040673248469830e-04
5.415768246166408062e-04
5.412990576587617397e-04
5.409360746853053570e-04
5.407432327046990395e-04
5.404421826824545860e-04
5.402824608609080315e-04
5.399343790486454964e-04
5.397505592554807663e-04
5.394662730395793915e-04
5.392302409745752811e-04
5.390080623328685760e-04
5.388127756305038929e-04
5.385814583860337734e-04
5.383615498431026936e-04
5.381511873565614223e-04
5.379380309022963047e-04
5.377651541493833065e-04
5.375487380661070347e-04
5.373889580368995667e-04
5.372412852011620998e-04
5.368790589272975922e-04
5.367771955206990242e-04
5.366582772694528103e-04
5.364599637687206268e-04
5.363004747778177261e-04
5.361252115108072758e-04
5.358867347240447998e-04
5.358118796721100807e-04
5.356065812520682812e-04
5.354804452508687973e-04
5.352654843591153622e-04
5.351744475774466991e-04
5.349615239538252354e-04
5.348169943317770958e-04
5.346347461454570293e-04
5.345605895854532719e-04
5.344119854271411896e-04
5.343361990526318550e-04
5.341540672816336155e-04
5.340525531210005283e-04
5.338800838217139244e-04
5.338191986083984375e-04
5.336684407666325569e-04
5.334788584150373936e-04
5.333966691978275776e-04
5.333162262104451656e-04
5.331824067980051041e-04
5.330670974217355251e-04
5.329338600859045982e-04
5.328076076693832874e-04
5.326925893314182758e-04
5.326207610778510571e-04
5.325315287336707115e-04
5.323876393958926201e-04
5.323004443198442459e-04
5.321888602338731289e-04
5.321113858371973038e-04
5.326719838194549084e-04
5.318360053934156895e-04
5.318163894116878510e-04
5.317896138876676559e-04
5.315906601026654243e-04
5.315143498592078686e-04
5.314364680089056492e-04
5.313942092470824718e-04
5.312855355441570282e-04
5.311276763677597046e-04
5.310521228238940239e-04
5.310056731104850769e-04
5.309081752784550190e-04
5.307742976583540440e-04
5.307320388965308666e-04
5.306323291733860970e-04
5.305566010065376759e-04
5.312525900080800056e-04
5.304157384671270847e-04
5.304063670337200165e-04
5.302837816998362541e-04
5.302123026922345161e-04
5.301439086906611919e-04
5.299812182784080505e-04
5.300234770402312279e-04
5.298934993334114552e-04
5.297699244692921638e-04
5.297682946547865868e-04
5.296884337440133095e-04
5.296218441799283028e-04
5.294692236930131912e-04
5.295021692290902138e-04
5.293688154779374599e-04
5.293317371979355812e-04
5.291990819387137890e-04
5.291203851811587811e-04
5.291074630804359913e-04
5.289558321237564087e-04
5.288883112370967865e-04
5.288283573463559151e-04
5.288037355057895184e-04
5.287638632580637932e-04
5.286922678351402283e-04
5.285490187816321850e-04
5.284513463266193867e-04
5.284296348690986633e-04
5.283266073092818260e-04
5.282466299831867218e-04
5.281838821247220039e-04
5.280855111777782440e-04
5.281002959236502647e-04
5.279707256704568863e-04
5.280592013150453568e-04
5.278883036226034164e-04
5.277573363855481148e-04
5.277598393149673939e-04
5.276807933114469051e-04
5.275654257275164127e-04
5.275504081510007381e-04
5.274555296637117863e-04
5.273613496683537960e-04
5.273331189528107643e-04
5.272580310702323914e-04
5.272158305160701275e-04
5.271262489259243011e-04
5.271012196317315102e-04
5.270178662613034248e-04
5.269435350783169270e-04
5.269128014333546162e-04
5.268480745144188404e-04
5.267978413030505180e-04
