6.300715357065200806e-02
4.402045533061027527e-02
3.976339474320411682e-02
3.648835048079490662e-02
3.380088508129119873e-02
3.172329813241958618e-02
3.016790561378002167e-02
2.901521325111389160e-02
2.820915728807449341e-02
2.749539166688919067e-02
2.692839875817298889e-02
2.646687813103199005e-02
2.601198107004165649e-02
2.553409896790981293e-02
2.519603632390499115e-02
2.506048232316970825e-02
2.449215576052665710e-02
3.054589591920375824e-02
2.698223106563091278e-02
2.582844719290733337e-02
2.516464889049530029e-02
2.491788938641548157e-02
2.445507608354091644e-02
2.408614940941333771e-02
2.389894239604473114e-02
2.374556474387645721e-02
2.360069938004016876e-02
2.337671630084514618e-02
2.326323278248310089e-02
2.314917743206024170e-02
2.302750572562217712e-02
2.465105988085269928e-02
2.303884550929069519e-02
2.342593297362327576e-02
2.301780320703983307e-02
2.272159233689308167e-02
2.268743142485618591e-02
2.251403778791427612e-02
2.244350686669349670e-02
2.244458906352519989e-02
2.232969179749488831e-02
2.224396355450153351e-02
2.410282194614410400e-02
2.416185662150382996e-02
2.302793599665164948e-02
2.262964472174644470e-02
2.239556424319744110e-02
2.222963795065879822e-02
2.213040739297866821e-02
2.203690819442272186e-02
2.197941392660140991e-02
2.192194573581218719e-02
2.188012376427650452e-02
2.185021527111530304e-02
2.179834060370922089e-02
2.177220955491065979e-02
2.174986526370048523e-02
2.169788256287574768e-02
2.165586687624454498e-02
2.162316627800464630e-02
2.158486284315586090e-02
2.154882438480854034e-02
2.152431011199951172e-02
2.148786000907421112e-02
2.145325765013694763e-02
2.142304368317127228e-02
2.139350771903991699e-02
2.136938273906707764e-02
2.134222723543643951e-02
2.131489105522632599e-02
2.129992097616195679e-02
2.126938663423061371e-02
2.124661393463611603e-02
2.121992409229278564e-02
2.120276167988777161e-02
2.118105813860893250e-02
2.115638367831707001e-02
2.114174887537956238e-02
2.112669311463832855e-02
2.109842747449874878e-02
2.108859643340110779e-02
2.107020094990730286e-02
2.113256603479385376e-02
2.103618532419204712e-02
2.101948112249374390e-02
2.100862190127372742e-02
2.099246159195899963e-02
2.097750082612037659e-02
2.105940133333206177e-02
2.095303498208522797e-02
2.093709819018840790e-02
2.091784775257110596e-02
2.100365981459617615e-02
2.089836075901985168e-02
2.088926918804645538e-02
2.087330445647239685e-02
2.086046896874904633e-02
2.084886655211448669e-02
2.083305642008781433e-02
2.083504572510719299e-02
2.082003094255924225e-02
2.080937102437019348e-02
2.079588174819946289e-02
2.078303694725036621e-02
2.079640142619609833e-02
2.076596394181251526e-02
2.075239270925521851e-02
2.074491791427135468e-02
2.073162049055099487e-02
2.150979824364185333e-02
2.084941975772380829e-02
2.074960619211196899e-02
2.071334607899188995e-02
2.069180272519588470e-02
2.068346738815307617e-02
2.067729271948337555e-02
2.067736349999904633e-02
2.067416906356811523e-02
2.066303230822086334e-02
2.066164836287498474e-02
2.064921520650386810e-02
2.063894085586071014e-02
2.063778415322303772e-02
2.062227018177509308e-02
2.061332575976848602e-02
2.061013132333755493e-02
2.060008421540260315e-02
2.059138752520084381e-02
2.058552764356136322e-02
2.057598158717155457e-02
2.057471871376037598e-02
2.056019753217697144e-02
2.055265754461288452e-02
2.054783329367637634e-02
2.053426578640937805e-02
2.053426764905452728e-02
2.052436582744121552e-02
2.052405104041099548e-02
2.051666565239429474e-02
2.050845324993133545e-02
2.050041034817695618e-02
2.049410343170166016e-02
2.048657089471817017e-02
2.048411965370178223e-02
2.047523856163024902e-02
2.046792022883892059e-02
2.046482823789119720e-02
2.045574784278869629e-02
2.045045234262943268e-02
2.044543437659740448e-02
2.043890580534934998e-02
2.043608203530311584e-02
2.043043076992034912e-02
2.042059786617755890e-02
2.042015455663204193e-02
2.041255123913288116e-02
2.040681801736354828e-02
2.040054835379123688e-02
2.039127424359321594e-02
2.039374038577079773e-02
2.038407884538173676e-02
2.038168534636497498e-02
2.037500962615013123e-02
2.036524564027786255e-02
2.036871202290058136e-02
2.036691829562187195e-02
2.035241946578025818e-02
2.035118080675601959e-02
2.034127153456211090e-02
2.034407295286655426e-02
2.033973857760429382e-02
2.033168077468872070e-02
2.032812498509883881e-02
2.032216452062129974e-02
2.031744457781314850e-02
2.031513117253780365e-02
2.030568011105060577e-02
2.030518464744091034e-02
2.030045725405216217e-02
2.029963582754135132e-02
2.028963156044483185e-02
2.028767578303813934e-02
2.028176002204418182e-02
2.027539163827896118e-02
2.026929147541522980e-02
2.027371898293495178e-02
2.026568539440631866e-02
2.025883458554744720e-02
2.025425434112548828e-02
2.025175839662551880e-02
2.024504728615283966e-02
2.023777924478054047e-02
2.024315111339092255e-02
2.023378759622573853e-02
2.022977545857429504e-02
2.023460343480110168e-02
2.021853998303413391e-02
2.021915093064308167e-02
2.021100744605064392e-02
2.020966447889804840e-02
